2.06533  15.60669931
0.31658  16.84641178
-0.37688  17.06406630
-0.70854  18.32304923
-0.64824  18.08756583
2.72864  16.59082626
-1.13065  17.54358416
2.18593  16.01078439
-0.43719  17.02629621
-0.40704  17.37010672
-3.00000  19.18973571
-2.69849  17.87504403
0.97990  16.16945265
-0.16583  18.23032438
-0.19598  17.04893328
-1.43216  18.51712593
-2.45729  18.22432146
2.84925  16.62796542
-2.72864  18.74965512
1.82412  15.50403177
-0.07538  17.95788620
0.01508  18.16293559
1.94472  16.83844682
1.64322  16.58470460
1.31156  16.75081386
-0.28643  16.66131119
0.25628  16.86259184
-0.97990  17.24264038
-1.55276  17.47428085
0.40704  17.98724597
2.24623  15.19507505
-1.58291  18.34318052
-0.91960  17.83652236
-0.13568  18.21245031
2.36683  15.87097002
-1.49246  17.74438161
0.28643  18.04113452
-2.27638  18.21413731
2.03518  15.28679637
2.45729  15.70805847
-1.52261  17.91287779
1.61307  16.55323728
1.07035  16.12168876
-2.42714  18.08090420
-2.87940  18.08983426
2.54774  16.58424247
-2.15578  18.88004096
1.25126  16.46303258
-0.04523  17.02637986
-0.01508  17.47139928
-0.52764  17.35513152
0.91960  17.52027347
0.79899  15.86104284
-1.64322  17.42900579
0.61809  17.38316571
0.88945  15.87333749
-2.18593  18.51357888
1.46231  15.57013722
-1.79397  17.67790991
-1.19095  18.28041690
2.00503  16.94195845
2.09548  16.07154533
-1.97487  18.77260051
0.49749  16.02348434
2.75879  14.84932730
1.88442  16.15955445
-2.30653  19.27749392
1.67337  16.56307477
1.01005  15.92287216
1.91457  16.34499424
-1.01005  18.40446923
1.76382  16.34572012
-2.12563  17.72877714
-1.10050  17.60885623
0.19598  17.87728378
-0.88945  18.57166055
-0.58794  17.73360170
-2.57789  19.48760368
2.81910  15.15028202
-1.04020  17.86604324
2.90955  15.90741259
1.70352  16.24509697
1.85427  16.19261558
2.42714  16.48982134
0.73869  17.75464080
2.69849  15.03973090
1.73367  15.40401275
0.58794  17.82995947
-1.88442  17.76698374
-2.75879  17.68202450
-1.85427  18.29618264
-1.82412  18.77188858
0.43719  17.28773360
2.63819  16.18191979
-1.31156  17.56479138
1.43216  17.18111295
-0.82915  17.61557065
1.16080  16.17046075
2.39698  15.33888810
1.55276  16.68402834
2.87940  14.89666238
1.34171  17.09567760
0.16583  17.39514761
2.57789  16.16423723
-2.51759  17.55294939
2.96985  16.01761391
-0.67839  17.41717531
-2.93970  18.15505602
0.82915  17.17805606
-1.22111  18.21220223
-2.84925  18.32465095
2.12563  17.05425312
0.55779  17.05539425
-2.03518  18.87048702
-2.00503  18.34943974
2.48744  16.83991700
-0.49749  18.13674274
-0.76884  16.76475411
-1.46231  18.13003228
1.04020  16.30174492
1.97487  16.61426296
-0.31658  18.33326661
1.28141  17.07112472
2.51759  14.97555111
-0.79899  17.64267684
-0.22613  17.71753859
-2.66834  19.21098239
1.10050  16.95374308
0.13568  17.10023784
1.19095  16.16816309
1.49246  16.38617251
-1.28141  17.70084244
0.46734  16.18320451
0.22613  16.48440817
-1.76382  17.88701833
-0.34673  17.97033849
-1.61307  18.66095083
-2.60804  18.50842133
1.79397  16.11847540
-2.90955  17.91396782
2.66834  16.31908821
0.07538  18.02949539
-0.73869  18.37867969
-1.94472  17.83044420
-2.81910  18.18371696
-1.37186  18.52881404
0.70854  16.36551721
0.10553  17.58792259
2.93970  16.00445320
-1.67337  19.01905899
0.64824  17.20091159
0.52764  17.17236338
-2.39698  17.85769753
-2.33668  18.73471928
-2.21608  17.31970885
-0.10553  17.54015992
1.22111  17.34957976
-2.63819  17.85421734
-0.25628  16.80190027
-1.91457  17.60421038
1.13065  15.76699362
2.30653  16.06032272
2.78894  15.39413289
3.00000  16.42924403
-2.96985  19.46945900
-2.06533  18.75918887
-1.40201  17.11114257
-0.61809  16.80597527
-2.09548  19.11267605
2.27638  16.54361965
1.37186  15.74193163
-0.55779  17.00014183
-2.24623  19.20378889
0.04523  17.29634175
2.15578  16.70220127
-1.25126  17.97010658
-0.85930  16.80145363
0.67839  16.90743066
-1.73367  18.79094877
2.21608  15.75881617
-1.70352  18.28123789
-2.36683  19.25565744
-0.94975  17.91952160
1.52261  16.09000002
2.33668  15.43150912
1.40201  17.45612275
-1.34171  18.55302693
0.94975  16.38553011
-0.46734  16.82607818
0.76884  16.89598596
-2.54774  18.18468365
-2.48744  17.87103976
0.85930  16.80978407
-2.78894  19.44944838
0.34673  17.34434613
0.37688  17.81425404
-1.07035  18.64786519
1.58291  15.86914104
-1.16080  18.29617031
2.60804  15.97347293
 
